147413
14764
532
984
1081
304
410
379993
1706
147
43339
807122
194308
174
3035
476950
544934
185111
38969
26337
13346
255885
558247
74
4541
374
2233
932
231905
1318
3510
2237
583
249580
425
10150
2569
24357
596376
18733
113
501
7976
3234
3747
3125
3313
48473
663
1544
536811
6276
673
3124
462
277
125
177
2111
342218
540764
490
611971
105
530
11954
31618
658996
122722
509
658287
599420
1055
324
338386
2860
5975
4428
2061
831
2395
742882
321995
5813
608004
95
35322
218059
276250
11557
35171
360967
12244
351
770937
208733
245424
620217
1166
1714
1139
4470
691244
1346
3491
124137
3166
1249
331747
7857
3490
1657
711765
295658
22439
8221
6708
598051
632746
6390
548353
73
283
665
6527
159
2777
120639
101717
599406
528
835
620650
157404
642886
4828
2575
547034
813333
2714
263695
718421
244592
229033
394524
1538
912
79848
11106
653488
130814
80433
315371
645009
444
255
323
376
401
260936
52685
2022
88531
4444
187071
250551
977
66452
119
4045
4073
425668
4097
1122
941
10178
20780
163182
193247
5687
5278
203914
1242
1014
3655
3626
468156
12114
613320
657147
167846
739
634
10031
303365
435087
462582
13022
361803
601937
37152
1945
2154
4486
3156
949
101230
173778
2973
896
12747
579689
13367
6294
11649
40
9144
300851
67345
691
72688
108924
27822
4382
3085
4492
881
480886
2180
2965
3534
220085
157124
592934
20838
5682
1248
119971
6342
7414
7588
12606
243470
6279
285571
177996
580004
18751
333869
11344
7434
28210
10022
236279
594945
353
458
8978
186509
699958
793982
752307
764816
1383
389015
790869
8534
627132
361686
6216
7971
602
2728
590987
54032
244229
6913
9969
44732
14301
7488
736299
585224
88105
537
38308
709577
215598
744227
1903
3775
59032
549948
10415
647164
248855
3638
968
288061
4396
355486
6139
251146
40567
615822
666535
10535
558461
167167
705261
166057
140348
393
189869
88897
405961
351990
480162
7589
78127
1585
1766
2248
635
2889
6092
2632
2400
694795
2969
195969
3355
10540
119785
4930
7107
5618
771680
743755
322043
508060
6546
234888
558239
7852
674320
140962
70256
512075
546716
98328
593209
6782
164568
749
135472
475882
618630
30404
106540
198492
795
233888
9565
3473
4610
4630
476383
6199
547090
239355
683677
9863
212757
653222
86328
434195
265480
160193
547359
513655
571632
381
178381
717579
808
249799
243644
671704
510561
175275
535888
1405
1407
490004
3405
622399
2935
708178
833670
14198
11663
13267
4184
23802
286873
2257
11432
211208
286789
354464
14007
17960
25735
98183
730
339
668116
29197
8774
1668
1647
3834
49688
2953
12264
4295
5194
8314
54167
6117
989
3328
182477
6492
574017
6877
8681
7297
795778
323569
553933
737020
614094
485130
48501
7275
256696
27929
493764
759
310
312
122051
713422
217784
285136
23312
267594
1228
1231
292997
2781
3144
3354
4919
5492
207703
409710
347111
514215
6961
9229
8015
13501
18068
95500
138895
87205
12910
281638
333821
10246
427912
768449
36235
596
645
113931
997
595803
604797
1425
631442
2531
2895
132540
51
280499
453741
5527
4907
2459
5748
91051
644
4899
693457
511516
720092
746358
12029
7186
298117
526900
396307
172681
659
684
823
8322
6801
774666
8453
1763
2866
430
3563
3989
390674
229307
558705
222122
10124
803756
479639
751296
7356
671280
7232
534
411
891
991
234222
175944
3725
3709
671024
2229
419378
5880
227958
4014
552882
2618
2503
19437
566873
6106
670969
4818
643051
3646
3092
522974
9231
9524
67931
44231
133392
103977
252435
146012
633419
706
7131
8225
794463
268816
755623
11648
15978
24197
1573
1863
1872
3581
3770
413
2390
3432
478833
1097
66052
543
251239
136780
511624
8246
806187
7912
223594
263510
112657
11293
816630
7506
277170
699353
681374
25
766877
78
662
690
559
97596
690521
444292
443300
512350
40874
707903
224838
400840
221985
4490
2249
2846
456459
3928
4084
4728
5419
400596
7756
572439
638794
709616
533324
6482
6521
11861
367884
44396
613758
334826
548896
104555
166617
130547
458381
140095
681379
291796
179
12245
69936
439543
590952
279872
195396
59183
527850
63564
613624
9579
653224
733020
46901
6971
203890
111386
571430
764460
463169
51018
598369
458638
775
73707
522886
79171
259561
35252
40487
793434
1610
1865
2108
223202
2282
2307
634968
825961
3502
4055
4099
113306
5474
12193
291088
4226
676365
395071
63627
435722
284111
11669
203236
7060
94146
14904
610437
431550
136616
15730
490868
643102
334678
12045
247368
547
199889
7723
55445
283651
60566
20529
175428
1845
2514
2956
3443
3489
4654
324036
30216
11859
22448
602664
7985
211890
794676
91319
646325
130792
804569
706153
263180
9724
196
745
172541
770046
66544
175093
186013
2870
2827
324459
111726
1057
413626
572653
656517
40758
9911
832602
64463
34528
41360
6954
7163
209936
671513
11164
245496
463
939
11132
604897
642858
3255
2963
4181
5481
5414
695741
6381
6425
6444
831491
224728
79512
267078
42426
581108
39112
617217
260417
8818
7683
475727
7736
89904
9577
120274
442008
457370
634350
12729
38188
84
822
713660
184925
22930
73021
711829
46732
109532
1090
1912
360685
734552
3444
3595
3822
3914
4684
197804
271746
11798
636376
625426
621360
640561
32016
12547
19492
9764
9006
12912
461541
82093
6996
95889
364595
210122
130653
358337
689570
129529
204962
406730
681
590631
85337
59955
848
8311
971
585276
755368
7116
388431
49647
14120
1222
1898
1345
3759
4479
4531
2712
3294
57702
1987
12194
827138
6313
6533
408380
532290
25097
323950
430742
6679
8425
7050
8043
10293
480276
834460
746667
8460
476025
750843
218834
813958
563961
778177
494519
8824
11842
656657
15476
42024
779608
1703
1771
633843
1031
416297
64209
630317
4243
687085
289478
5425
5445
294709
15204
6386
2721
53422
7980
644352
809716
562672
10399
7176
463633
130159
519234
645076
530302
101748
716954
57800
10371
502931
518
530272
621556
701294
268441
51904
690678
23441
215027
1659
407993
321263
5935
5792
567304
8401
566695
203273
6589
12620
546264
33154
546638
737776
123290
507207
408984
614562
15738
8186
117358
705558
169811
8646
158776
613211
19
695
536177
160436
595730
597843
8215
191517
2636
2501
150156
2958
86644
689122
5360
7443
5668
651764
112613
6242
61761
73023
530832
15744
15908
305850
557906
7015
7858
13411
14161
68969
114174
164715
12281
114595
52285
8087
52413
156739
20
160674
812
119902
999
454788
580922
180410
633820
1885
1752
2694
121195
3207
2453
3069
3903
626286
73934
646492
715726
510403
529192
17397
8280
7777
437668
11531
484237
596728
716279
109727
25159
81585
559572
691164
122396
49896
244608
81520
100073
698192
156908
189030
39407
562430
169964
495328
232113
4913
69369
23740
206826
7727
12263
480306
568601
258096
7403
740935
93984
411664
62318
630126
687403
14448
13573
244001
299472
11268
51410
100855
6561
460
1720
3656
4495
2166
2769
4095
4830
1927
281465
6354
70246
622666
643540
10170
600019
612353
7174
7199
7238
10315
12734
93798
111180
16748
127331
40682
238923
352995
649135
513453
10613
713112
713685
267420
701769
1068
6009
2944
605491
5912
1581
676599
9591
610647
24267
30260
20219
308293
11764
11723
490718
724862
82085
540253
609087
289068
559159
114341
747185
9731
12890
32668
743388
14228
235804
702
642
876
707022
542311
58481
689021
174376
1417
1178
1295
2143
196272
534246
3008
4105
4859
4963
750283
832
767316
5711
5811
15723
6543
626326
381622
52754
437989
415407
7593
412644
524353
443936
8402
36148
19428
142667
6865
717363
167712
16373
6726
206911
136094
54428
1678
2144
4413
4454
574095
3923
3191
631915
6307
58310
285924
24800
442115
302285
6658
8785
9574
7768
12854
788840
130284
677481
735345
660580
124138
604659
690216
777
181859
1491
1343
1795
6072
3754
4725
4896
623632
57494
717111
7447
225024
575081
413031
265807
298198
551399
7542
552202
429008
99944
745806
7201
807161
545
328
11424
540987
595967
1129
3697
2188
271839
453345
4092
13793
5850
82256
3272
636280
69784
436349
218100
299596
7930
839632
741582
39095
11008
9650
7045
578379
387702
769861
154710
490314
452137
161029
572
267699
177576
180492
176114
141564
1715
147150
3694
780322
2660
2845
4122
4093
4689
60471
74145
584268
38772
604252
26579
29116
457247
450792
542490
11925
13464
536027
327816
720743
268687
723583
664627
590863
9531
492174
678343
10878
567811
183275
1237
7562
330278
3729
3688
2703
730217
9278
23093
281135
24662
9900
29661
18209
361775
431504
418803
8503
9801
7017
7545
86331
735479
260785
15217
658818
687243
815013
71
104
165
10077
665333
534013
178059
612719
18587
52315
252723
1155
723063
119235
655405
2634
3406
5923
5699
5942
167787
631922
33531
41407
260292
9824
7540
11229
13624
13969
445291
10242
22224
623471
702396
701854
40267
816314
753857
158692
38
573614
742396
172806
2878
2717
732495
4657
4866
5055
5526
5364
5511
115238
33471
34220
42328
16818
11143
434272
446610
6690
479139
524772
529833
88043
83275
662576
212991
671368
550094
753641
791885
58404
150797
96
631
1562
1624
1705
2120
566627
8571
2934
299383
4727
4935
627053
5810
6247
6453
37317
66026
36908
583308
313843
321977
6786
7273
715111
17646
655938
100562
7171
236991
730096
744865
436144
151693
8609
56955
148002
705685
422445
680
568
587
707533
137688
1541
1239
1395
3576
808910
4849
4843
5315
244621
6724
99549
73277
43611
26399
265126
6751
9738
548725
12167
13994
670900
130175
416257
134850
620725
522573
779250
8388
161601
58596
74691
775940
83153
108788
196484
3340
2962
22150
4988
5035
5563
26814
834457
382111
34952
31676
15895
286087
547756
431360
7876
12420
477548
88125
114734
613013
99848
12227
126270
520814
216041
839
713255
119855
136709
1941
2045
4446
2232
2283
2289
5708
6107
10684
209942
381340
8243
255855
78792
715550
512319
391171
20732
9663
7731
487032
626268
742824
677564
499534
600005
808499
303
408
7931
293014
52063
1542
92108
111184
194862
3212
389832
4774
93612
14218
510529
27825
327623
10381
11183
506664
533443
20794
489997
165421
151598
705146
511787
812474
396207
158581
582
629
827
623598
765503
708034
759594
749453
222160
2020
4674
11946
4869
194599
6558
6270
510948
204025
255634
52123
647645
77690
511093
16543
464676
9963
351771
670464
103649
743317
276033
677670
769660
457381
656747
818629
710614
7446
839378
155359
3455
3917
593165
6319
6436
218152
239573
255213
274045
327772
482452
512417
41804
578042
47108
6567
6577
6939
8476
9625
9690
456879
414545
108534
109514
10445
674140
787712
296328
688290
400084
331461
170145
170103
714141
173701
426738
710169
209813
12431
612797
2753
2226
8390
2429
3505
3967
197434
778776
595996
503570
37717
587827
9702
7032
451581
74077
548605
425190
103966
77702
138153
109114
10249
78639
527466
613687
723968
777286
115768
249301
710900
772409
1739
1764
3708
3200
2428
4039
4965
5102
14804
5772
64300
560269
11001
510428
43011
27498
13634
7124
6827
9735
557535
10373
521491
658869
82323
825976
92304
8852
109799
732779
452753
113743
9054
340775
160553
542728
593602
158909
834872
588624
777061
708479
1135
2261
243936
804116
3158
793808
99943
5700
176277
6454
60948
80337
581592
39179
17200
613061
47396
8616
9700
7231
7860
411081
235816
120684
486749
327819
7153
602834
680743
610870
30505
160731
275133
151469
143359
952
777010
643805
1550
222772
7847
415318
6290
595830
753071
6398
206127
204538
634723
56198
74562
35225
36579
602607
28247
612478
252330
442676
285259
554598
8173
548352
15058
521502
741597
672733
689181
692114
487680
457888
703509
134684
26
225542
146785
244777
498509
175864
429906
5992
3017
4022
4718
6391
604798
275155
383451
350567
14100
632017
60605
503180
806015
35726
33698
200672
601859
11686
19859
542074
530725
659284
727478
104976
137800
6703
8990
789978
675759
245017
262336
144506
646052
501134
730316
729
699165
755981
1339
3691
2205
65099
3316
5461
784550
202270
279521
329982
372842
73742
12344
42585
824718
8433
548360
7066
12693
495959
720109
672950
679497
682795
141605
724586
208557
302181
124772
547684
13219
700899
769404
429924
170380
171405
700178
392
474
1718
4332
100177
2871
2910
2562
4230
751702
6143
673424
753286
245947
337573
638817
56705
646718
505392
592356
600496
41882
577549
16449
431714
10160
10110
553036
12355
529240
82634
12403
656075
670663
135766
683666
123579
111955
612866
443391
116778
105340
652363
163327
435113
215668
556796
251844
15743
503
3659
4082
4075
733634
386650
52628
633396
534893
645213
51051
813276
318391
418753
10537
525703
511458
533851
539099
821706
742373
122991
118416
260350
130957
629025
275439
155065
595426
163843
186731
179272
8062
191620
37163
3765
5990
3040
781061
3259
197103
98124
5497
5922
114897
6230
636503
604873
213078
270611
633997
634374
215329
69970
71954
40048
203325
422285
8268
8226
543435
556274
11105
12537
11078
566316
11551
521594
398451
525359
84224
94117
393086
672497
413809
73099
114304
419283
100793
44348
750469
10496
160869
701089
12287
699848
294811
537584
810673
6031
40364
4034
5413
5463
5572
5124
5116
5622
3519
404207
804607
39401
606399
21792
15605
46924
322321
228772
455868
427420
7566
13222
447346
521907
43995
91327
111375
114248
200383
537778
770073
83858
238
263
832377
387
528277
741891
129725
10576
183046
22782
455660
1131
4471
6055
790
3888
6519
240110
200753
396795
382615
63047
59959
480473
43757
587272
249268
425035
6915
561646
264754
12074
564689
489893
517949
538228
89916
7924
730057
99366
356739
570473
7387
97125
286083
664733
397278
687339
446510
396424
762702
693
99347
560
779117
617860
181046
1418
719048
3705
3425
803652
437393
390391
269041
277768
646520
718635
32591
599566
602720
29639
17234
8348
10050
8078
724759
607243
355002
352588
691753
114931
121914
159927
133246
144130
302399
225572
100592
935
983
389625
503247
143090
2770
2334
4691
6531
7482
5295
395476
629193
67373
834354
449545
18072
18530
408922
6796
9147
9766
12127
10822
530186
502469
734806
810023
676756
137472
548051
140233
51687
81237
644564
88
718
838
867
712547
1353
734209
647
6058
2778
661659
10513
5677
5869
6387
144794
492928
670794
306184
274278
638538
55275
55705
74848
21304
42950
19935
49502
609322
446168
408586
237310
13283
497648
525546
656983
95485
587217
671267
666250
788363
679884
11560
524198
633510
702470
729899
662876
114924
200871
188502
379
387867
172139
1575
3579
3236
2446
4788
4705
553714
5740
214934
62698
796790
624706
57111
55588
646890
38091
38493
411292
21765
19153
807936
443446
431555
408368
463607
10960
90314
662995
393021
552953
669150
8671
533521
696005
694030
601481
763666
66892
1149
4493
2342
2719
4156
4962
5480
6363
429273
63678
827639
8972
20649
68887
715234
78365
37898
272401
305994
459725
270586
824207
6872
8316
10313
8247
407793
81212
103048
352788
237130
604463
798059
675235
162868
271387
148057
688918
187880
318
4613
4901
5014
403539
816962
758612
150349
788867
62596
627263
626760
799180
33465
26326
24145
27487
406991
305461
426093
824743
6626
8980
559410
8185
10774
522769
84127
87515
574716
103911
668173
7418
411484
100287
677724
600297
6719
9480
7639
7305
808221
279119
190098
603
864
88670
187471
773273
180340
180679
516353
708616
3508
3856
197230
5165
5652
5847
6399
203421
788251
53137
630418
224725
614811
356157
468838
8256
9024
8523
529941
94789
656162
656033
111808
163604
537670
101743
148910
557296
829497
10457
1677
3680
3180
195741
5018
5173
374972
571329
55245
17039
79888
24816
18244
27826
578690
616583
8464
11729
12622
12955
517042
101751
671654
677974
664477
104365
104429
116387
704970
507249
555484
110075
605539
351138
6836
799964
581718
2202
2405
4867
4894
5382
6178
214577
10744
31749
11705
264834
259375
9280
554951
12671
15031
536419
517494
360281
533682
81493
84569
73997
680231
789469
518576
670253
694113
694530
11615
95262
803792
2146
3782
3766
2904
2321
610095
4026
331236
782800
694314
31475
218694
386458
400237
69581
29798
19101
292853
448402
562411
7445
568115
572534
10835
10741
11555
296979
253090
86933
691085
124287
518382
519657
45817
692957
147596
768903
390
2637
2780
3497
4858
782427
5789
5845
6120
679460
392205
715855
581805
251816
39301
445072
828321
422799
286326
8249
9711
515930
550008
11982
484360
834029
44996
209067
319173
683833
113355
816875
191
1007
172157
777275
709539
186297
1167
229156
2199
528566
2031
194254
818035
72713
77588
593031
598135
49995
434400
400563
265322
8394
545176
206683
7991
7957
497276
811294
99210
325024
132317
142612
747006
344830
702596
625575
278
772314
3211
2316
4278
5344
5761
783098
6304
229168
790381
238816
275440
514272
23413
606882
26473
30288
49231
6951
8738
13034
14171
499433
525965
94047
660762
388821
752130
69735
142503
125201
161914
11109
145338
879
829424
2299
2486
2966
781890
4740
197253
5345
5353
5276
701196
236663
56861
623395
53885
74842
595011
582148
45685
27019
576568
49383
10294
11030
570717
835160
23766
724112
81632
794605
293817
681433
744786
149218
7309
96665
147455
45
393513
182998
145523
836096
1394
6028
4840
5489
830756
215996
383553
395161
64458
630391
77541
352316
23504
25434
32280
495823
601595
601394
583329
29114
362830
395448
800425
297886
12191
10598
12363
11382
660125
90474
720393
247401
418081
671512
361726
592750
593176
749002
9992
702401
727427
831217
170854
760317
139465
778115
183737
126647
8392
795090
133580
3687
3353
274554
6252
706338
225097
258780
804328
623238
602576
24104
20053
285052
830058
252378
801751
6748
8360
7570
467238
6851
14447
47003
38278
768234
765154
246133
169515
156275
30
175772
192499
4570
771327
2467
3401
3402
194324
3653
111071
6327
242296
242401
30628
76753
513056
585069
399611
16306
609218
51450
267307
805750
271449
7033
11765
518430
287878
266034
119783
767132
683986
597711
786870
155784
215894
746688
2137
2336
4135
5729
5757
784327
279878
404055
634709
624591
44529
73397
44166
11340
609821
814174
248847
6897
10115
11244
10547
15210
488954
90727
655288
720867
640144
676151
10861
806151
119643
766551
671135
130492
696017
600917
10821
283351
573097
188811
450
190246
847
798678
175043
1230
2652
2369
3067
3868
5870
706104
6534
788326
638327
61261
356540
718604
32230
586257
29474
49812
609962
812499
446211
407455
268906
465806
9575
541549
8003
13781
13908
480189
523581
357457
726617
93932
725135
119086
676755
666348
100008
664585
141503
68916
645995
738140
8504
164259
216560
164438
422557
131078
170520
106067
429818
442
866
744824
191460
4385
833685
6119
423689
226044
638546
618353
640656
73638
33838
30409
38565
18307
617245
272235
271764
286115
267179
9122
8661
567711
11976
13065
13802
10813
498218
536724
520262
459790
20449
29930
518644
98388
116362
112767
745420
258962
170102
82333
774507
184093
23548
4406
2869
2711
3909
4642
277726
5280
198946
6302
6393
292756
795457
60200
72911
493152
582255
24429
32738
594035
598918
324350
414376
9871
7721
10956
11501
14925
472162
488082
91084
670987
115239
686014
133522
162045
157369
187499
181187
3326
5783
784074
244646
818456
388502
66471
638832
633717
55976
552081
60147
820768
448768
493105
24452
15784
612855
349890
808352
322786
293354
297581
259710
268206
266405
6579
9139
9722
7191
12559
10825
497952
490247
476668
663656
671402
719472
590279
122213
680704
783822
113657
291873
346
461
712868
118095
393535
189402
4355
2838
3071
199085
269896
673117
205578
275217
380225
401394
63207
52072
57347
54923
70132
641452
73625
600386
17851
356644
431167
422443
6635
8356
9909
280196
491314
265995
81422
733676
741309
108967
127701
8655
8077
155911
229227
707885
186913
115176
1750
4476
2857
2596
244335
817946
636442
70343
74864
602868
26790
15650
274602
8327
556792
556447
13578
375621
458723
538452
11867
142278
818971
668884
148945
701725
180845
776088
1229
1881
1310
2006
3732
3310
782371
5002
6197
783468
205490
213084
230799
226547
804471
820005
406109
269190
56970
69162
423347
593916
602052
580383
586618
26904
312618
432652
229103
459194
260039
266433
546630
7384
480801
525179
527666
271247
88163
90143
90248
832448
735341
742308
741210
114769
674417
744412
684426
398467
152765
689714
157548
364419
142
778684
491
683000
726817
191721
4361
3049
196167
735400
200255
783456
229975
796153
811812
619250
635078
52437
626431
73772
73015
504166
30869
599571
43054
50306
249948
828214
458643
554273
6812
9174
9779
551194
7037
7561
11990
11056
11054
654921
84383
94130
655862
667278
416417
103708
104883
530896
110714
666868
796292
7089
9867
554653
1440
3666
684121
2600
4077
4707
9619
623601
209257
238373
798435
816174
637326
72371
648933
491931
513701
25188
34705
287788
27133
29575
18157
575252
40797
616339
277006
359804
328833
796980
440404
6808
559601
9906
547174
7319
11851
14572
496530
531637
499747
669547
752266
101859
753531
743945
674068
734128
822202
134028
147102
765732
12005
189313
476
609
591
708736
663791
6030
6065
3250
782262
5096
783988
65848
627583
71412
70310
510619
524453
583045
35576
38080
600470
41117
43545
580367
22495
584113
28853
29976
15790
290748
448218
409735
414821
262900
292468
455566
457982
265968
6806
9118
9119
9483
9685
544419
7430
12423
13619
845176
386754
526518
470661
280058
120443
677951
593942
690927
788658
112103
674519
746533
12496
811751
751324
695185
148292
686042
155336
155041
762288
663592
176248
8729
775762
183341
67293
1980
781575
2195
6018
781111
780375
3537
3991
6220
789168
792648
793354
794669
252526
240915
58473
629160
66822
77505
717675
718343
802486
450511
30891
600197
357603
588831
51558
617458
285570
289709
452501
802204
8438
8317
8889
553380
551572
551607
11346
574245
835143
480364
462546
723806
395353
614788
105949
731417
105305
108938
99675
797098
6888
7177
127738
140026
143154
297395
260676
115730
739984
454743
748474
150867
757614
698850
6712
824
978
755585
773653
179089
711838
775883
175744
3779
2619
2485
3196
3336
2412
835100
3065
3862
5403
133137
632753
325752
217421
789685
790668
793355
225703
58430
631961
62788
69121
17045
838071
506091
514333
582913
592917
245358
40855
42838
43173
802243
275852
366449
289464
288660
443953
419727
287980
453869
459324
824667
8658
562695
547763
550562
541424
10455
10690
289321
81931
81974
87779
489266
670853
125501
833953
141580
213350
121690
739199
119319
483835
352914
799390
768594
800910
189412
774087
708634
830283
782137
264165
4114
5046
5877
5785
788540
212208
221800
794931
796038
787374
819920
406118
636891
638340
634020
627204
53888
72589
73384
508360
595622
31815
37982
45509
25947
15763
17016
46291
355626
443846
434865
418239
264483
298864
824610
810401
553925
8948
8477
8684
9463
561295
546635
200177
7065
7198
7875
568185
11037
564034
15262
536016
85518
610998
729267
732631
745779
125767
755401
562905
13919
112297
399210
815460
7553
730871
158284
762934
564
708044
828878
1011
1107
1304
3580
4031
3814
4060
4996
5896
6355
159572
201877
224036
237999
252377
795106
253616
817752
811083
812398
399654
819443
58191
637971
600344
71243
74223
648302
503058
834278
36151
607745
581213
583372
834748
18187
18205
18380
48057
273019
358128
814687
814836
291857
303499
443512
408820
226168
413567
801416
795658
267212
468580
6758
8380
9157
8158
8900
9486
9666
7270
11996
13206
13690
572925
10716
565098
478420
496334
497582
488956
507091
507183
519181
533248
451488
94956
670927
358817
116563
132055
132552
126790
747476
754761
124410
766539
18915
149950
248653
146447
757756
133935
9712
705234
152457
733733
203438
157520
763383
752
830
837892
172261
771308
172888
773807
16738
827571
825574
775144
808919
2094
4322
4461
4467
196577
4607
2833
194155
3002
736036
4904
1203
827520
200286
693420
783466
788173
218095
791078
230389
233976
255432
397808
390121
403728
812177
72206
562448
836913
77818
650785
819152
581641
25038
593683
594250
598062
607595
583991
20326
46040
46158
802789
802618
359455
358834
351743
810575
808817
809668
810263
825441
443115
448025
456551
800427
424102
425336
424446
553700
8583
8181
544276
7610
569058
570091
11427
522683
487537
253928
428126
529179
819071
727623
107383
730333
126046
683838
9539
139917
141061
141156
743265
681909
764080
831883
693580
147815
698171
40689
762734
154231
467227
158055
778665
343
553
598
617156
711792
795862
551024
709754
3632
3778
778577
3160
781228
3503
4047
784886
3992
4778
5045
199326
758345
149933
211538
786513
215941
788433
222145
226128
787802
790295
230998
794821
251783
239493
240635
796368
798665
795163
386241
398427
803702
816842
817274
14945
633735
626725
54331
68206
74645
77073
78355
646672
503382
32526
31163
597429
597595
40226
38805
41524
42540
607120
45635
29583
577640
579566
19025
15587
46092
242724
49489
615370
812497
326259
437151
806360
823125
821216
288359
829510
452487
262360
800868
466775
468571
6556
8454
9472
10202
562779
548317
540182
546312
279204
541477
403982
6841
555489
7541
7559
11721
10953
11120
11217
11326
569652
569981
10889
566282
480281
535456
520873
88108
723335
82461
94226
95017
107320
447372
730344
580820
136338
729389
96879
103630
833433
129454
127062
139153
755304
816692
143183
115814
741054
673787
738222
703298
134343
738115
8491
146265
167341
830510
760470
154938
8580
588656
694
464
778942
913
797791
421812
776561
772698
773033
709887
191559
1396
2010
3764
4367
782991
2499
62325
2999
2996
4146
4161
4207
503610
5885
198483
6336
615665
481624
12215
210249
789064
789209
216794
788768
797872
240578
246976
817745
274455
812307
402028
400574
628468
62049
419187
621787
67752
69899
68376
642679
77832
650196
73179
504239
427993
494697
511027
512930
507870
580947
34500
34942
33880
590969
591056
423914
43019
21637
21967
25708
28893
577697
579955
20327
49246
608960
354925
806714
249771
250865
300698
808052
259044
828109
827966
434137
434322
417700
408538
282222
417125
822529
419100
821057
288216
387646
268409
266078
831781
464707
550351
7062
555828
7554
10425
12331
486529
13109
13127
13353
13593
13890
572597
824651
485426
509721
443365
517432
722062
719587
725646
660563
101521
105367
108646
727900
277146
99663
108784
585713
731435
751775
689684
98501
103918
125596
140751
755098
122597
114286
666203
740576
677437
112832
669464
124762
704144
765430
750809
135161
649028
162369
752795
764953
494508
169684
705230
705266
609933
607210
60
807
480
371
713288
776584
834699
628359
712168
184275
115673
611411
733383
1279
1060
807091
1311
2039
4403
435549
2886
2766
3279
3042
2931
782893
731220
6177
509654
816023
729687
672360
233277
591539
721568
209932
210993
786386
783860
785279
214738
787963
790504
793824
793859
234133
794996
241662
397791
281415
380481
377662
389435
389699
400556
390940
391213
53067
631959
51851
626900
627096
57162
54787
641654
7515
77281
650995
75165
75248
504077
504220
481394
509952
22548
36027
33510
9273
33754
31830
795167
473044
43621
604359
44660
42946
607050
607911
25754
25756
25666
28454
583424
24140
588450
27177
20421
15503
574819
575418
575795
576863
18921
46369
615403
616352
327844
808596
250589
796502
440454
827668
434800
447036
828910
409150
263000
292324
461376
262087
465214
6875
6674
6649
8890
8930
9011
8518
8231
550583
551460
545656
7428
7767
7247
7302
534168
8008
8019
11321
573428
14844
491005
282138
837355
499272
522912
522920
827811
526788
473882
520237
722619
724455
89862
722102
84954
106194
105914
725231
667105
101344
99754
670976
525227
783798
110639
135350
135590
665191
665234
667309
10505
126067
127361
139335
754294
690857
140305
143044
112345
118332
677690
673832
738170
607014
792252
165480
110307
704398
704090
620762
222237
126047
747092
688086
750233
695358
146095
147131
759436
151112
70183
91408
161562
706736
632439
697964
696910
204565
826328
754552
63
774
769
542
590
572512
736432
713576
295717
184890
776354
773883
657659
175412
191717
779445
480751
1381
1696
2047
3716
780348
2741
6015
2564
2506
2768
3102
3157
2178
4028
3792
4177
4270
823954
5056
5322
782638
5636
5728
5765
782891
6245
6264
6349
716802
566153
751660
200063
786276
206139
784638
786805
787045
787754
790981
227236
793095
790577
224238
791336
226575
236160
237984
245006
245083
258202
241546
246300
816414
246824
280211
328321
346038
812309
401585
399810
58811
636025
633026
51863
57094
623030
624084
621817
60439
69490
69564
70777
648088
76910
77765
75150
644736
73718
79398
652278
280882
482373
479274
838143
495101
510857
514941
21355
22001
584260
584234
24847
25488
35880
596290
32379
32906
592066
36705
37087
44737
607472
45883
608476
23890
587884
587921
28653
27364
576612
260407
15568
575136
18517
18900
579710
16581
16882
610036
803282
802632
359579
331048
331453
814990
806215
809725
809188
321724
430681
825302
827800
445632
817050
433428
419005
265481
831313
800221
801731
426439
6671
8923
8447
8462
8717
9542
561624
9618
9649
9847
10015
10032
465743
540184
324887
6720
7208
7512
10409
12265
13259
213085
13918
14159
265438
14273
10467
566447
490629
499416
504922
525540
515621
836814
499642
528754
537829
723348
723578
90301
89640
83174
726539
93888
662540
657199
84837
817615
101745
733878
108000
109139
727328
678752
110577
110808
110857
135860
690224
98103
98313
664557
104468
199920
747507
460074
747951
11644
122703
123113
122844
744132
8558
675645
115251
113969
101269
739920
676979
116941
737347
112080
112847
113680
119430
682048
745113
283185
835609
764272
767915
223061
804149
685961
127694
134531
758115
696640
765727
702407
701886
673071
143759
694655
14281
805495
705275
167565
152703
760965
761476
156712
777944
778251
778082
93895
190580
504
926
266511
707585
707730
172542
343003
186713
807537
532158
776539
709521
774789
527523
696871
749974
481738
1065
1355
1402
1765
323177
4337
2885
576629
809300
6066
303878
11514
3032
3025
780985
4036
4001
4213
5412
324050
5585
5552
5269
5514
5930
6186
6426
619936
127414
702490
624742
255767
324570
647439
785083
210402
784293
208756
788743
227191
225463
221093
791289
791332
234257
224588
224961
253015
257278
243336
338108
241118
818549
396960
275209
802966
329940
329997
347030
344655
811619
389124
385972
387371
816523
402789
402412
817950
391514
394212
395481
819030
398625
789375
405402
59135
629264
632646
638563
637315
65818
632057
625298
26459
57762
622579
55845
61031
640641
68854
647724
647788
76498
789586
717679
72962
72957
644804
428128
241431
513895
22558
23338
24889
36134
592302
34457
39961
40393
40768
39472
605381
605891
604105
44671
602307
603264
46001
21237
25688
28244
584023
28483
26903
587179
26714
27418
784446
19956
578126
15820
575149
17569
578408
20108
336132
16995
613867
608896
608912
609542
48994
616845
50990
617357
802324
802365
802277
814490
360184
361020
351790
806011
809720
308285
327815
436461
446179
822548
419835
415438
407507
408420
807075
291196
449009
431590
457325
259713
268177
267084
423677
465790
464919
6752
8432
559179
9476
10063
10094
791996
550185
546678
549446
550547
542245
542415
545364
6614
7294
7315
7848
8068
11843
11844
11841
11979
11787
12144
11304
12289
568678
569227
12937
12904
13089
13316
13442
13773
13941
572929
11561
15013
485080
489785
499237
523258
523985
515362
470785
471093
534542
500613
500726
508854
520401
530279
537729
660173
660184
82476
83602
82058
93812
727253
830522
95269
85645
657914
661399
102380
105236
108260
728090
107455
672129
619620
736029
742325
118674
676124
110822
380123
742601
402560
553333
690357
669084
125502
126412
212088
749860
746559
717284
804293
127446
683672
748098
130068
323570
141026
733886
122598
122236
723328
294268
115541
114591
115204
738660
100276
674156
124306
124895
164305
766839
766926
160711
134105
131257
746877
131543
149766
21491
150213
693134
759111
150646
481445
151017
598633
101741
694435
694587
824025
583335
152283
157879
158369
156687
763400
714511
169
11303
285
526
610
350
409
497
796064
186062
186660
823162
773172
477171
772597
709209
771448
773023
10069
767064
774501
181437
358833
480019
774573
712029
183993
775935
184298
708421
451565
191853
41322
1143
3730
4477
4483
2883
5967
3281
2223
2434
3058
788689
4303
4239
4094
4173
4193
4772
4825
4885
5047
197299
5329
5551
5610
4402
6228
154344
638945
6513
751145
754246
754444
377939
389357
753174
752353
403702
757829
755734
756696
778581
777118
777596
779259
779510
779511
779804
779227
779975
779974
740559
741788
742411
745163
745222
745236
745797
325318
741270
739957
741291
741289
743718
744404
744545
744705
745102
744356
746049
326874
774173
771370
769584
773790
772857
772891
775029
784949
541606
787830
788215
786855
786977
786997
652759
655379
634484
634487
635333
636949
636509
636640
634222
634200
637208
666776
666418
665777
667372
667601
670706
674113
675094
675165
675209
675484
675552
675216
675269
675581
673796
675712
732847
671574
674490
674602
674603
674478
674461
674664
674670
674677
674939
674710
675904
675891
676003
676213
676196
676343
675950
676345
676418
676475
676516
676573
676681
642834
651921
648396
649436
653859
656330
656474
656088
656443
642273
642452
643460
637520
637806
638460
637424
637502
637750
637875
638812
640105
640287
640421
640418
617410
619958
619987
633562
633612
634030
634063
623543
625752
640585
640920
640967
641390
641403
641060
641240
647407
219033
676832
676807
638392
639222
639312
639658
639796
639822
639823
627685
638209
638561
638880
638956
639032
634357
634367
629498
632920
630853
630922
546739
566052
331299
715192
627650
613105
629969
631461
611396
624987
626985
505524
622094
641820
637789
641986
640419
640695
840112
642267
639627
638059
637858
838147
646754
725226
783193
711587
840364
781940
704966
705070
704452
777778
780886
709896
782409
715432
690468
690677
677536
677641
687443
763145
704274
779774
779773
705124
707467
708468
780002
780003
708918
717640
718942
717107
717253
719566
323888
329022
776234
776209
774571
774775
774873
774904
774903
779231
779531
779533
779828
779660
779661
779427
779430
779575
779576
334138
778530
779914
337407
780037
780035
13536
780128
780129
764414
764447
764561
764689
757469
763112
763136
840570
752459
755130
754248
757018
776564
773581
777698
783713
370519
783831
784369
784419
783244
364609
780901
780898
780182
349039
347034
780117
781204
785457
786394
811894
797504
593151
666148
665739
665962
667018
661023
661887
663431
663549
661312
661867
661868
835288
661363
661443
659874
774979
660749
662728
665398
660035
659813
660053
660723
667499
667879
667958
667991
668052
668353
757825
615967
10338
761861
786815
671486
671529
671620
671702
672418
671226
671295
671803
671638
671791
671781
672240
672350
671236
671248
671252
671409
783848
670228
787665
676526
790741
789956
669603
670607
671143
670787
256434
783136
671202
645422
650498
650466
645170
645752
833623
646859
640827
638674
641402
639509
638399
638426
639085
648707
649670
650011
652692
652818
652945
712848
833630
655136
656743
654536
654599
653554
655001
653860
653864
654144
654293
657358
659471
659576
660075
639815
640304
640999
643772
643789
643790
644368
644521
643898
644059
661669
660921
663263
662750
663709
666731
666818
666986
665244
663934
667337
667457
665602
665527
665570
666290
668034
668121
667903
668077
726901
85817
736178
259877
743217
743798
745801
749979
745396
731249
723119
732611
729721
729403
734839
81560
725245
723663
723748
723972
828597
721817
726469
739333
740553
740611
735433
736132
737413
756339
757808
347763
758440
758530
758576
756984
759485
764549
764703
430734
295402
747749
302464
302926
747029
759847
760464
759253
762430
754896
755210
755744
759202
790145
820096
820098
820099
820100
820101
820105
820103
820104
809071
818415
818419
818208
818207
818206
818209
818210
818421
818418
818473
818476
818478
818477
818512
818513
818510
818506
818509
818501
818508
818505
817449
817450
817452
817453
817451
817444
817446
817448
817373
817368
817375
817374
817372
817371
817376
817553
817555
817552
817556
817554
817547
817551
817550
818868
818869
818872
818870
818874
818873
818875
818798
818799
818790
818793
818792
818796
818800
818801
818866
818092
818099
818089
818094
818097
818096
818093
818095
818160
818161
818162
818164
818166
818165
818163
818181
817633
817635
817636
817630
817629
817631
817632
817627
817377
812668
814756
819040
819045
819043
819042
819046
819047
819044
819041
819093
819092
819094
819095
819096
819097
819098
818980
818968
818972
818973
818976
818974
818979
818977
819560
819561
819564
819562
819565
819691
819688
819696
819693
819689
819695
819435
819434
819438
819437
819440
819090
819491
819493
819498
819495
819497
819499
819500
819502
819426
819432
819430
819680
819678
819675
819676
819681
819674
819748
819752
819750
819751
819754
819753
819747
819745
819801
819803
819805
819804
819808
819807
819806
819809
23523
24834
20985
39389
821489
821537
670647
820388
295202
282273
336995
368185
820723
447132
442090
477590
820755
462079
639649
604754
627186
621862
657820
657083
656827
666809
668430
662283
685045
679149
820293
682791
690023
703567
304422
330528
442487
611094
616419
616391
616403
616404
616380
616438
616447
616435
616470
616500
616484
616494
616521
616525
616507
616538
616612
616611
616599
616576
616547
616572
616631
616665
616720
616655
616652
616660
616666
616747
616711
616822
616846
616831
616823
616828
616905
616892
616841
616853
616858
616871
616878
616903
616939
616927
616911
616952
616995
616990
616949
616959
617013
617010
617001
617015
617003
617063
617026
617029
617046
617033
617095
617102
617110
617067
617092
617089
617093
617167
617133
617125
617152
617126
617181
617129
617140
617187
617200
617178
617131
617172
617199
617253
617205
617186
617196
617222
617233
617226
617244
617242
617224
617265
617259
617262
617318
617314
617316
617373
617363
617338
617387
617388
617376
617449
617453
617429
617457
617422
617444
617500
617508
617518
617501
617499
617506
617535
617527
617534
617529
617542
617564
617768
617601
617737
617724
617762
617790
617719
617715
617682
617704
617676
617603
617688
617775
617769
617802
617827
617862
617868
617839
617875
617813
617835
617892
617878
617881
617885
617914
617956
617975
617971
617940
617934
617962
617984
617974
617952
617978
618013
617988
618082
618087
618091
618092
618049
618078
618076
618077
618105
618109
618096
618095
618083
618113
618119
618125
618110
618118
618135
618106
618139
618137
618167
618183
618175
618194
618184
618173
618157
618215
618258
618270
618275
618277
618296
618340
618343
618387
618392
618399
618389
618331
618428
618406
618404
618408
618432
618466
618455
618416
618492
618489
618501
618467
618473
618499
618500
618547
618518
618537
618555
618550
618581
618570
618608
618642
618646
618616
618628
618650
618692
618676
618672
618707
618702
618768
618760
618757
618771
618782
618800
618852
618806
618841
618833
618859
618864
618863
618879
618891
618890
618966
618958
618965
618962
618987
618955
618973
618993
619013
619012
619070
619075
618990
619022
619052
618981
618988
619074
619093
619058
619056
619092
619110
619112
619091
619103
619090
619113
25082
676183
658559
699158
725243
771040
772844
771184
771383
772346
775046
756110
756117
770559
764647
765020
765024
769981
760885
767673
768925
770442
3055
249746
264591
619412
619738
625295
619676
639646
619623
619605
619598
639605
619298
619285
619284
619301
619296
666807
79199
674888
672858
673469
673515
687072
734150
732776
732125
732727
776585
776656
776667
770505
712526
98624
619251
619252
619253
619257
619256
619259
619282
619287
619291
619290
619275
619292
619277
619268
619246
619278
619274
619270
619249
619668
619636
619639
619638
619649
619655
619646
619664
619659
619665
619662
619679
619684
619685
619669
619686
619689
619632
619630
619631
619217
619224
619226
619232
619235
619238
619228
619239
619213
619192
619200
619193
619195
619196
619202
619204
619206
619245
619207
619203
619211
619184
619183
619185
619188
619187
619180
619181
619182
619456
619471
619481
619480
619485
619528
619525
619524
619468
619527
619521
619484
619535
613409
619128
619137
619136
619141
619164
619159
619139
619140
619169
619172
619170
619177
619174
619178
619150
619153
619123
619126
619155
619158
619310
619314
619309
619307
619341
619344
619345
619351
619349
619348
619350
619330
619331
619337
619339
619381
619377
619325
619327
619321
619391
619360
619361
619362
619365
619353
619354
619357
619743
618870
619415
619449
619430
619416
619420
619406
619432
619436
619439
619444
619443
619445
619427
619402
619404
619717
619719
619721
619724
619725
619730
619729
619692
619691
619695
619705
619713
619715
619697
619702
619736
619734
619727
619726
619700
619122
619615
619610
619613
619559
619563
619564
619566
619565
619581
619587
619580
619627
619538
619539
619543
619542
619549
619552
619569
619571
639788
640804
642566
654428
658040
659907
286524
546133
592530
584824
584351
669524
670538
673339
666208
666729
669204
677299
669273
680018
677911
681631
668026
668731
685723
686330
686361
690610
691777
693848
703227
704252
692321
698443
703859
685087
685097
703958
685813
691439
699773
700422
700429
693296
699213
687006
686975
686998
694241
694259
695701
692868
691188
691232
700836
703825
707398
707401
717108
717118
718851
711674
711639
711635
706102
713182
705577
705588
708121
713372
713414
713374
716804
720352
720386
706349
707444
708026
707988
708000
714167
715828
717007
716499
716432
721044
721059
722596
727080
730022
735655
739334
725803
726358
734645
738782
738837
724520
724981
725793
734922
737440
725296
727121
734757
734771
736828
722633
725506
735366
736774
736775
725721
726400
727735
734140
734163
734801
734896
734899
738778
739409
741387
741846
741794
749075
753126
753129
753564
753898
739991
741882
743130
744367
744402
745226
745217
745862
748242
748581
749253
749917
750607
750586
750588
754207
743668
745760
749147
749967
741435
741736
745782
747839
748927
749294
750047
750757
751142
751141
751828
752363
753788
754110
754446
754557
744551
744552
745634
747952
749843
750678
750680
751363
753962
753965
763535
763649
764525
764805
767438
768162
768348
763896
765234
765233
766409
766390
766854
766853
767516
49486
50065
58032
70160
95122
100305
148489
139029
156636
154292
154267
213643
230501
6093
8958
18790
754565
755069
757832
759219
760475
760796
761669
762418
762779
762986
763213
763407
755030
756297
757572
757810
758614
759073
759082
759252
759324
759827
761462
762216
755104
757981
758703
759145
759105
761202
762533
762700
768922
768921
770378
772268
772592
772620
772757
772905
773061
773310
773692
768886
768863
768893
769272
770502
771655
771657
771779
772197
772218
772495
772988
773110
773648
509358
514481
326527
405051
410279
367918
392378
280925
777018
777024
777033
777022
777025
777020
776954
777722
777724
777727
777730
777732
777738
777744
777739
777740
776870
776869
776872
777611
777608
777614
777620
777618
777629
777634
777638
777640
777039
777041
777045
777469
777472
777493
777496
777498
777479
777482
777490
777475
776807
776805
776743
776746
776749
776751
776809
776811
776813
777536
777534
777538
777558
777541
777543
777552
777554
777556
776730
776737
776735
776736
776732
776877
776878
776866
776881
776821
776826
776823
776868
776817
774412
774771
774947
775421
775716
775717
776018
776154
776157
776158
776163
776162
776217
776224
776169
776211
776208
776214
776216
776171
776173
776175
776230
776228
776226
776276
776279
776281
776283
776266
776271
776262
776269
776260
302249
590476
593215
612381
619809
619820
619819
619812
619821
619817
619825
619824
619779
619766
619765
619761
619773
619830
619834
619836
619837
619835
619776
619769
619778
619772
619770
619777
619781
619799
619795
619804
619800
619806
619788
619790
619783
619784
619791
619786
619793
619798
620405
620389
620399
620398
620370
620384
620403
620407
620397
620430
620354
620361
620360
620363
620380
620396
620805
620809
620779
620781
620775
620769
620798
620801
620803
620793
620791
620797
620788
620804
620770
621443
621423
621479
621487
621450
621460
621455
621451
621453
621454
621456
621463
621459
621457
621493
621502
621497
621499
621501
621507
621465
621466
621469
621471
621474
621472
621468
621449
621488
621960
621946
621944
621971
621950
621968
621969
621973
621976
621977
621953
621978
621972
621967
621988
621999
621984
621993
622375
622400
622380
622329
622317
622319
622323
622342
622332
622336
622340
622347
622345
622350
622361
622378
622383
622397
622377
622373
622374
622372
622393
622390
622318
622320
622366
597942
610651
610696
616940
616938
617869
619944
619955
619945
619948
619954
619978
619985
619983
619984
619971
619974
620007
619923
619926
619932
619922
619975
620005
619988
619914
619918
619913
619959
619927
619966
620045
620046
620039
620058
620094
620095
620100
620030
620072
620064
620066
620069
620088
620008
620060
620061
621418
621428
621432
621375
621365
621395
621400
621412
621411
621408
621368
621369
621374
621379
621382
621401
621405
621402
622016
622047
622043
622042
622045
622021
622019
622049
622089
622092
622031
622017
622012
622029
622013
622033
622032
622035
622036
622038
622069
622071
622070
622074
622078
622082
622077
622020
622024
622068
622096
622093
622048
622059
622664
622669
622694
622667
622643
622642
622647
622644
622640
622641
622649
622681
622655
622686
622697
622626
622624
622620
622631
622675
622651
622700
622699
622688
622695
622656
622659
623478
623482
623444
623457
623456
623462
623428
623448
623437
623441
623440
623442
623424
623426
623425
623422
623438
623435
623419
623423
623465
623469
623473
589059
603466
616207
618858
620303
620304
620337
620330
620343
620339
620324
620340
620287
620290
620294
620310
620317
620322
620309
620311
620316
620331
620347
620352
620912
620908
620889
620906
620888
620835
620837
620834
620826
620836
620828
620863
620857
620864
620874
620850
620877
620878
620881
620883
620893
620885
620886
620904
620854
620853
621561
621527
621525
621531
621541
621533
621543
621511
621509
621558
621563
621555
621569
621553
621570
621517
621523
621548
622231
622244
622247
622220
622233
622240
622235
622207
622209
622210
622175
622179
622196
622197
622201
622204
622193
622192
622861
622845
622860
622857
622864
622866
622875
622834
622842
622839
622846
622813
622816
622815
622791
622809
622829
622823
622824
622831
622795
622806
622793
622801
622799
622798
622796
622835
622832
622838
622817
622821
622827
622805
622807
623402
623405
623406
623367
623364
623363
623365
623373
623366
623368
623392
623394
623393
623398
623401
623383
623382
623384
623386
623385
623387
623388
623390
623377
590626
590640
596714
608642
619749
619747
619746
619748
619760
620649
620648
620652
620654
620656
620639
620636
620627
620625
620597
620600
620598
620645
620659
620667
620665
620664
620663
620660
620631
620628
620633
620637
620635
620609
620610
620670
620589
620605
620590
620643
620646
620662
621358
621357
621305
621301
621317
621331
621329
621334
621336
621333
621332
621339
621341
621340
621344
621342
621343
621345
621307
621351
621355
621348
621363
621370
621855
621853
621826
621825
621856
621840
621864
621867
621850
621854
621803
621833
621808
621809
621815
621844
621845
622777
622779
622790
622783
622774
622778
622784
622789
622724
622736
622726
622729
622725
622722
622747
622706
622712
622715
622716
622753
622760
622723
622740
622742
622744
622749
622769
622719
622785
622786
622775
623196
623202
623213
623212
623192
623217
623259
623260
623233
623209
623204
623258
623264
623271
623241
623221
623224
623226
623229
623198
598710
612110
620236
620239
620180
620182
620192
620191
620228
620247
620202
620200
620198
620206
620215
620267
620274
620275
620281
621080
621071
621073
621072
621061
621076
621077
621079
621022
621016
621015
621026
621029
621034
620999
621009
621011
621033
621043
621038
621044
621045
621047
621052
621053
621051
621058
621065
621013
621916
621919
621915
621914
621924
621922
621920
621931
621917
621875
621893
621890
621886
621849
621881
621935
621937
621941
621956
621929
621923
621925
621921
621928
621877
621873
621880
621900
622458
622448
622461
622454
622451
622467
622452
622463
622459
622457
622456
622449
622417
622411
622420
622413
622466
622465
622469
622476
622475
622422
622403
622407
622410
622415
622443
623310
623308
623317
623292
623305
623303
623311
623318
623319
623313
623322
623285
623286
623280
623284
623293
623288
623289
623297
623344
623348
623328
623331
623274
623268
623275
623269
623273
623342
623346
623279
623282
591788
609826
619856
619870
619871
619885
619873
619867
619875
619877
619881
619878
619883
619862
619854
619886
619894
619846
619852
619863
619844
619848
619841
619842
619906
619849
619845
619850
619865
619901
619900
619898
620689
620692
620695
620752
620754
620758
620672
620676
620677
620700
620705
620740
620742
620746
620744
620741
620710
620711
620717
620718
620716
621269
621276
621281
621253
621257
621254
621255
621288
621290
621295
621292
621247
621250
621248
621236
621234
621266
621267
621273
621286
621242
621239
621238
621241
621244
621781
621791
621744
621753
621739
621732
621738
621741
621768
621770
621774
621755
621758
621760
621761
621726
621736
621727
621773
621789
621762
621763
621765
622578
622583
622584
622588
622543
622551
622560
622568
622566
622573
622609
622616
622617
622618
622552
622555
622563
622559
622586
622594
622587
622608
623176
623178
623179
623170
623167
623165
623173
623191
623193
623151
623141
623152
623164
623172
623136
623138
623150
623148
623186
623180
623182
615721
617931
619191
620512
620505
620511
620559
620558
620562
620564
620541
620561
620572
620578
620583
620550
620552
620513
620520
620522
620525
620532
620528
620531
620565
620567
620566
620569
620575
620574
620529
621130
621137
621141
621082
621083
621100
621106
621107
621089
621093
621090
621094
621088
621096
621112
621109
621115
621095
621592
621591
621571
621568
621574
621649
621627
621619
621625
621623
621630
621590
621588
621632
621633
621615
621607
621595
621597
621599
621612
621606
621598
621596
621604
622533
622526
622538
622537
622529
622536
622506
622507
622509
622479
622489
622482
622496
622497
622501
622498
622541
622503
622484
623082
623081
623103
623091
623062
623065
623064
623071
623070
623068
623069
623066
623067
623117
623111
623098
623094
623047
623048
623060
623059
623127
623122
623123
623084
599040
606550
620103
620079
620114
620119
620125
620127
620152
620153
620155
620161
620176
620144
620102
620109
620111
620120
620121
620123
620175
620178
620122
620126
620097
620130
620929
620913
620933
620936
620918
620944
620952
620972
620959
620961
620966
620974
620987
620994
620981
620990
620951
620955
620958
620921
620922
620924
620917
620920
620932
620986
620977
621681
621684
621671
621691
621682
621706
621703
621708
621711
621661
621662
621664
621677
621714
621719
621715
621718
621655
621657
621667
621651
621652
621696
621700
621694
622286
622291
622293
622280
622276
622314
622315
622302
622305
622274
622283
622295
622301
622306
622300
622298
622257
622249
622251
622262
622289
622959
622978
622964
622965
622989
622967
622983
622987
622986
623033
623036
623040
623027
623022
623002
622995
622997
623015
623008
623013
623014
623006
623012
623010
622976
622944
622956
622955
622957
622962
622958
622988
622990
622992
623037
591034
600781
605676
607052
612758
617452
620491
620498
620495
620494
620470
620468
620469
620471
620480
620482
620485
620454
620447
620452
620425
620421
620418
620417
620412
620434
620441
620484
620461
620464
620460
620448
621156
621155
621182
621161
621202
621204
621198
621207
621206
621210
621216
621162
621227
621167
621153
621179
621217
621223
621222
621189
622105
622114
622108
622109
622115
622101
622172
622165
622182
622185
622154
622160
622135
622139
622134
622142
622138
622152
622168
622151
622161
622153
622132
622116
622117
622121
622124
622122
622100
622863
622854
622855
622867
622858
622850
622859
622873
622882
622904
622907
622912
622923
622880
622877
622893
622936
622954
622925
622922
622899
622911
622910
622914
622915
622900
622917
622918
622920
622919
623498
623604
623607
623616
623621
623808
623811
623865
623859
623864
623873
623863
623862
623866
623881
623875
623870
623882
623842
623840
623846
623850
623847
623845
623849
623854
623841
623797
623802
623801
623835
623837
623839
623836
623856
623857
624603
624604
624600
624610
624609
624562
624571
624575
624579
624582
624565
624593
624587
624596
624590
624592
624616
624617
624546
624585
625320
625332
625337
625327
625319
625334
625342
625338
625339
625343
625372
625371
625376
625367
625366
625369
625312
625325
625368
625363
625374
625297
625307
625356
625354
625833
625841
625835
625848
625846
625796
625800
625799
625804
625811
625805
625814
625813
625873
625878
625826
625824
625832
625864
625823
626274
626271
626270
626332
626331
626338
626337
626289
626282
626284
626311
626310
626308
626300
626323
626324
626291
626845
626843
626848
626855
626852
626853
626863
626868
626859
626865
626827
626829
626825
626831
626837
626839
626834
626841
626818
626822
626867
626866
626869
626874
627801
627788
627796
627747
627798
627807
627791
627818
627822
627793
627830
627828
627841
627778
627773
627780
627785
627762
627733
627736
627758
627749
627765
627774
627782
627790
628520
628515
628519
628517
628521
628524
628475
628474
628480
628490
628495
628492
628498
628496
628502
628505
628465
628469
628494
628512
628513
628454
628453
628447
628459
628527
628963
628965
629022
629029
628966
628998
629015
629039
629045
629049
629017
629019
629018
629590
629595
629588
629574
629568
629605
629617
629561
629566
629581
629543
629546
629553
629556
629548
629531
629592
629585
629558
629550
630002
630005
630016
630022
630023
630037
629983
629979
629981
629987
629984
629994
630035
630031
629997
629982
629990
629993
630323
630320
630290
630287
630306
630294
630297
630281
630278
630283
630284
630324
630341
630338
630329
630340
630334
630337
630358
630348
630351
630307
630299
630314
630841
630840
630820
630832
630796
630800
630806
630810
630866
630857
630861
630863
630808
630830
630874
630873
630879
630845
630836
630846
630819
630826
630805
630802
630854
631284
631322
631295
631296
631297
631332
631328
631323
631320
631324
631327
631342
631344
631346
631331
631281
631282
635445
623819
623814
623821
623918
623930
623926
623929
623920
623925
623892
623943
623950
623946
623953
623955
623956
623960
623935
623937
623910
623911
623897
623898
623895
623903
623905
623938
623940
623942
623921
623923
623912
624323
624328
624330
624326
624329
624333
624331
624322
624339
624336
624340
624338
624325
624342
624346
624345
624352
624301
624305
624302
624309
624310
624308
624359
624362
624355
624366
624368
624367
624358
624361
624360
624369
624286
624283
624287
624262
624281
624289
624292
624290
624315
624314
624321
624319
624312
624318
624294
624282
624296
624298
624300
624370
624373
624371
624380
625003
625014
625015
625076
625082
625072
625068
625030
625041
625040
625039
625055
625008
625009
625002
625011
625032
625047
625029
625049
625045
625050
625066
625065
625042
625043
625046
625061
625761
625763
625743
625747
625754
625727
625741
625795
625758
625714
625726
625722
625728
625781
625783
625785
625736
625720
625718
625702
625701
626377
626378
626385
626382
626330
626339
626344
626396
626350
626349
626355
626353
626356
626358
626367
626368
626360
626372
626362
626359
626361
626397
626402
626407
626984
626993
626989
626990
626988
626978
627021
627027
627024
627030
627009
627012
627003
626991
627029
627031
627034
626960
626965
627019
627461
627456
627448
627474
627486
627466
627478
627471
627441
627477
627480
627425
627426
627427
627429
627428
628141
628143
628140
628149
628146
628155
628151
628142
628144
628153
628119
628118
628072
628076
628073
628107
628068
628065
628100
628114
628112
628116
628113
628156
628080
628692
628695
628690
628701
628700
628696
628699
628719
628745
628751
628746
628750
628756
628754
628753
628760
628763
628755
628761
628702
628709
628716
628718
628720
628707
628711
628742
628741
628744
628691
628697
628693
628775
628758
629261
629273
629274
629287
629275
629284
629288
629242
629253
629252
629255
629263
629267
629234
629232
629231
629235
629297
629298
629301
629289
629295
629293
629678
629660
629673
629668
629671
629683
629662
629648
629661
629665
629656
629657
629625
629627
629629
629621
629649
629623
629620
629637
629639
629641
629967
629976
629960
629939
629901
629938
629942
629973
629975
629985
629986
629989
629930
629929
629886
629890
629895
629925
629918
629921
630397
630399
630401
630398
630386
630385
630361
630367
630365
630364
630416
630439
630423
630379
630375
630374
630412
630413
631000
631002
631010
631007
631013
630984
630983
630969
630968
630972
630978
630976
631027
631034
630956
630955
631019
630962
631028
631038
631043
631333
631336
631334
631417
631400
631412
631373
631376
631357
631356
631360
631367
631380
631383
631384
631403
631402
631405
631413
631396
631395
631363
631398
633490
633437
633491
633489
633501
633495
633497
633508
636829
623602
623591
624025
623978
623977
624005
623958
623959
623967
623976
623982
623988
623993
623990
623983
623981
624037
624040
624041
624043
623986
624031
623957
624709
624719
624751
624723
624736
624744
624732
624699
624705
624702
624731
624739
624740
624748
624680
624696
624754
624758
624759
624756
624767
624764
624707
624715
624720
625516
625517
625532
625536
625543
625537
625541
625546
625505
625494
625477
625485
625481
625490
625491
625488
625534
625538
625535
625539
625540
625524
625531
625533
625529
625476
626090
626050
626100
626105
626071
626082
626079
626085
626086
626092
626089
626093
626043
626055
626063
626065
626066
626766
626763
626765
626767
626746
626741
626740
626747
626761
626754
626762
626814
626795
626804
626798
626809
626805
626811
626813
626736
626745
626742
627379
627378
627380
627374
627387
627370
627419
627390
627418
627424
627412
627403
627394
627400
627347
627337
627333
627339
627346
627344
627345
627391
627375
627371
627998
627992
628006
627989
627970
627976
627987
627979
628000
628032
628045
628011
628005
628004
628013
628014
628048
628053
628043
628050
628021
628025
627983
627984
627981
627982
628613
628622
628624
628626
628631
628629
628633
628634
628635
628628
628632
628661
628664
628669
628671
628649
628644
628659
628619
628607
628655
628657
629088
629102
629098
629105
629099
629101
629052
629058
629070
629048
629056
629111
629112
629108
629106
629093
629118
629120
629121
629081
629084
629083
629082
629123
629127
629134
629422
629410
629396
629415
629428
629425
629400
629405
629408
629457
629454
629453
629403
629771
629770
629812
629815
629821
629779
629792
629795
629808
629813
629802
629840
629818
629838
629825
629817
629766
629773
630128
630117
630125
630129
630188
630193
630183
630176
630177
630184
630170
630179
630166
630182
630147
630152
630164
630163
630141
630199
630203
630603
630605
630590
630613
630611
630612
630601
630616
630587
630581
630588
630599
630636
630627
630647
630617
630619
630621
630625
630626
630629
630628
631049
631045
631063
631066
631072
631077
631071
631078
631075
631105
631093
631100
631112
631088
631081
631080
631092
631102
631107
631083
631079
631086
631431
631428
631433
631439
631416
631424
631419
631421
631423
640814
623569
623568
623576
623581
623579
623512
623524
623511
623516
623521
623527
623562
623564
623561
623542
623583
623584
623573
623570
623567
623580
623508
623559
623488
623492
623628
623589
624233
624236
624241
624214
624219
624220
624221
624224
624229
624228
624218
624231
624271
624277
624273
624278
624275
624276
624248
624245
624250
624261
624253
624204
624199
624203
624208
624212
624256
624259
624272
624264
624267
624244
624915
624932
624927
624903
624906
624893
624907
624887
624870
624865
624867
624863
624885
624876
624880
624899
624892
624916
624912
624891
624889
624879
624897
624875
624883
624866
624874
624878
625424
625442
625412
625436
625431
625435
625419
625459
625468
625467
625463
625422
625413
625425
625390
625446
625447
625381
625383
625382
625389
625401
625406
625408
625405
625417
626219
626225
626224
626238
626249
626231
626233
626236
626232
626198
626201
626203
626205
626204
626207
626264
626266
626269
626251
626255
626217
626216
626208
626212
626206
626210
626697
626704
626707
626698
626710
626665
626663
626672
626681
626685
626674
626723
626653
626660
626655
626721
626728
626730
627279
627275
627256
627280
627265
627267
627281
627286
627274
627285
627301
627297
627323
627259
627272
627264
627257
627251
627250
627255
627322
627298
627303
627302
627328
627330
627329
627332
627331
627305
627295
627307
627310
627313
627326
627327
627289
627290
627291
627292
627910
627907
627913
627887
627963
627955
627956
627967
627912
627920
627936
627928
627938
627933
627945
627942
627947
627931
627935
627966
627958
627924
627922
627925
627926
627934
627941
627951
628325
628335
628328
628320
628344
628329
628351
628374
628386
628387
628336
628326
628308
628318
628332
628331
628316
628340
628315
628341
628365
628364
628377
628388
628401
628394
628393
628422
628425
628418
628426
628407
628411
628417
628445
628446
628436
628444
628462
628458
629329
629310
629324
629330
629352
629346
629348
629353
629356
629380
629381
629387
629369
629331
629333
629336
629334
629335
629339
629384
629382
629385
629386
629338
629341
629340
629360
629715
629727
629731
629690
629688
629720
629733
629738
629737
629751
629741
629719
629734
630441
630430
630457
630461
630469
630481
630482
630499
630487
630496
630462
630480
630485
630466
630464
630883
630932
630925
630906
630912
630910
630924
630920
630927
630933
630926
630895
630902
630893
630894
630884
630896
633530
633537
633532
633526
633498
633528
633534
633547
633544
633545
633543
633542
633541
633506
633503
633554
633551
633557
636947
623676
623678
623681
623671
623713
623709
623718
623724
623727
623731
623728
623540
623549
623509
623517
623522
623703
623710
623652
623653
623654
623657
623651
623658
623659
623660
623656
623661
623690
623697
623695
624682
624689
624686
624640
624644
624636
624626
624622
624661
624668
624649
624653
624658
624669
624674
624646
624648
624645
624641
624665
625164
625154
625128
625131
625141
625134
625140
625105
625095
625097
625099
625110
625108
625129
625126
625088
625086
625155
625152
625165
625151
625160
625137
626008
625967
625973
626015
626037
626011
626019
626018
625961
625958
625962
625960
625999
625992
625972
625991
625993
625995
626576
626524
626508
626529
626522
626538
626525
626532
626533
626527
626542
626544
626547
626536
626567
626571
626552
626561
626559
626562
626505
626510
626502
626504
627197
627195
627211
627198
627202
627203
627217
627191
627192
627199
627230
627233
627232
627241
627236
627245
627244
627240
627226
627227
627246
627249
627253
627252
627219
627716
627704
627718
627719
627727
627728
627723
627708
627730
627715
627724
627731
627706
627674
627679
627729
627713
627658
627668
627694
627692
627678
627702
627695
627653
627652
627655
628553
628567
628558
628550
628535
628547
628561
628533
628540
628531
628593
628590
628596
628597
628599
628578
628580
628579
628582
628566
628539
628543
628548
628552
628588
628586
628600
628915
628919
628928
628920
628879
628870
628871
628863
628880
628872
628889
628894
628901
628887
628895
628899
628891
628855
628860
628854
628847
628841
628926
628927
628849
628850
628908
628904
628909
628923
628857
629480
629479
629501
629507
629486
629492
629514
629529
629513
629495
629500
629505
629526
629512
629456
629463
629466
629464
629465
629468
630060
630059
630061
630067
630066
630069
630114
630083
630109
630090
630097
630103
630102
630089
630088
630101
630064
630047
630534
630514
630532
630523
630515
630553
630555
630558
630556
630510
630506
630565
630567
630561
630569
630570
630579
630512
630769
630773
630782
630735
630731
630722
630742
630774
630781
630798
630795
630783
630766
630771
630752
630761
630757
630756
630762
630741
630748
630724
630736
630727
630751
631198
631200
631197
631215
631222
631274
631244
631254
631252
631226
631228
631234
631237
631239
631240
631241
631238
631243
631245
631248
631249
632347
623739
623744
623776
623792
623789
623779
623781
623624
623626
623619
623530
623534
623537
623767
623763
623759
623760
623757
623772
623764
623773
623720
623730
623734
623733
623735
624407
624415
624432
624433
624438
624435
624423
624439
624442
624440
624443
624395
624378
624383
624384
624393
624455
624456
624454
624451
624458
624464
624447
624449
624434
624984
624978
624985
624983
624933
624936
624957
624934
624952
624966
624969
624992
625004
624995
624941
624940
624961
624942
624939
624976
624990
624986
624938
625568
625571
625599
625607
625614
625557
625597
625598
625578
625589
625592
625593
625590
626180
626177
626183
626168
626127
626138
626122
626143
626148
626162
626154
626169
626160
626139
626124
626161
626157
626158
626166
626135
626133
626140
626129
626182
626152
626886
626888
626914
626948
626963
626940
626943
626930
626895
626890
626891
626896
626918
626922
626919
626923
626925
626921
626935
627505
627539
627536
627541
627540
627544
627525
627559
627555
627550
627561
627551
627566
627573
627574
627571
627522
627511
627543
627501
627500
623635
624076
624079
624075
624072
624070
624088
624071
624089
624081
624073
624095
624093
624092
624097
624099
624098
624117
624118
624044
624074
624058
624060
624068
624065
624066
624067
624069
624056
624120
624124
624135
624134
624136
624102
624824
624813
624812
624820
624818
624823
624827
624819
624830
624835
624834
624840
624843
624841
624853
624856
624793
624789
624799
624790
624807
624796
624798
624804
624795
624791
624810
624776
624803
624778
624797
624769
624771
624765
624775
624782
624779
624809
624783
625228
625231
625210
625190
625187
625193
625195
625196
625206
625180
625181
625183
625166
625171
625172
625204
625174
625170
625673
625616
625631
625628
625700
625707
625605
625610
625624
625611
625608
625654
625644
625646
625657
625658
625655
625653
625642
625645
625648
625649
625643
625656
625651
625662
625664
625672
625671
625677
625690
625696
625692
625681
625687
625678
625685
626643
626642
626644
626645
626646
626649
626608
626603
626591
626623
626622
626650
626651
626652
626613
626621
626611
626609
627063
627056
627059
627062
627051
627064
627076
627073
627075
627103
627089
627090
627114
627120
627067
627071
627085
627099
627888
627882
627873
627876
627860
627862
627863
627869
627824
627825
627839
627858
627859
627857
627834
627809
627877
627870
627878
628186
628192
628197
628207
628188
628184
628182
628224
628171
628175
628170
628163
628172
628173
628209
628204
628202
628214
628160
628176
628180
628174
628179
628178
623756
623751
623748
623750
623754
624161
624176
624175
624191
624198
624201
624205
624160
624164
624162
624170
624159
624177
624158
624172
624154
624147
624184
624149
624150
624155
624127
624123
624126
624129
624125
624130
624131
624138
624142
624140
624520
624531
624537
624543
624542
624529
624541
624519
624523
624526
624503
624504
624509
624508
624500
624498
624495
624496
624476
624483
624490
624487
624482
624481
624465
624468
624461
625243
625246
625245
625261
625254
625274
625283
625293
625286
625203
625224
625218
625265
625262
625205
625233
625235
625209
625267
625269
625289
625296
625291
625292
625923
625935
625924
625925
625938
625948
625954
625956
625950
625957
625891
625899
625911
625879
625908
625907
625881
625866
625943
625936
625947
625946
625942
625889
625888
625892
626421
626419
626426
626443
626460
626452
626440
626459
626458
626447
626448
626464
626451
626453
626461
626471
626427
626445
626434
626412
626410
626498
626473
626472
626462
626469
626478
626484
626492
627141
627139
627143
627146
627167
627166
627175
627169
627170
627172
627174
627185
627184
627182
627156
627157
627121
627126
627117
627110
627115
627596
627602
627621
627628
627567
627564
627572
627579
627585
627637
627647
627632
627609
627617
627611
628280
628284
628234
628261
628266
628270
628269
628306
628285
628286
628290
